S 2 41943040 5.006790161e-09
S 4 41943040 5.24520874e-09
S 8 41943040 5.006790161e-09
S 16 41943040 5.24520874e-09
S 32 41943040 5.006790161e-09
S 64 41943040 5.24520874e-09
S 128 41943040 5.006790161e-09
S 256 41943040 5.24520874e-09
S 512 41943040 5.24520874e-09
S 1024 41943040 5.006790161e-09
S 2048 41943040 5.24520874e-09
S 4096 41943040 5.006790161e-09
S 8192 41943040 5.24520874e-09
S 16384 41943040 5.24520874e-09
S 32768 41943040 5.006790161e-09
S 65536 41943040 5.006790161e-09
S 131072 41943040 5.006790161e-09
S 262144 41943040 5.006790161e-09
S 524288 41943040 5.24520874e-09
S 1048576 41943040 5.24520874e-09
