mS 2 5242880 2.822875977e-07
mS 4 2621440 3.128051758e-07
mS 8 1310720 3.967285156e-07
mS 16 655360 6.256103516e-07
mS 32 327680 9.155273437e-07
mS 64 163840 1.525878906e-06
mS 128 81920 2.9296875e-06
mS 256 40960 5.37109375e-06
mS 512 20480 1.07421875e-05
mS 1024 10240 2.05078125e-05
mS 2048 5120 4.296875e-05
mS 4096 2560 8.203125e-05
mS 8192 1280 0.0001640625
mS 16384 640 0.000328125
mS 32768 320 0.0006875
mS 65536 160 0.001375
mS 131072 80 0.003625
mS 262144 40 0.00675
mS 524288 20 0.0135
mS 1048576 10 0.028

S 2 41943040 4.768371582e-09
S 4 41943040 5.24520874e-09
S 8 41943040 5.006790161e-09
S 16 41943040 5.24520874e-09
S 32 41943040 5.006790161e-09
S 64 41943040 5.24520874e-09
S 128 41943040 5.006790161e-09
S 256 41943040 5.006790161e-09
S 512 41943040 5.24520874e-09
S 1024 41943040 5.006790161e-09
S 2048 41943040 5.24520874e-09
S 4096 41943040 5.006790161e-09
S 8192 41943040 5.24520874e-09
S 16384 41943040 5.006790161e-09
S 32768 41943040 5.006790161e-09
S 65536 41943040 5.006790161e-09
S 131072 41943040 5.24520874e-09
S 262144 41943040 5.006790161e-09
S 524288 41943040 5.006790161e-09
S 1048576 41943040 5.24520874e-09

eP 10 2 5242880 8.583068848e-08
eP 20 2 5242880 1.010894775e-07
eP 40 2 5242880 9.918212891e-08
eP 10 4 2621440 1.029968262e-07
eP 20 4 2621440 1.182556152e-07
eP 40 4 2621440 1.29699707e-07
eP 10 8 1310720 1.831054688e-07
eP 20 8 1310720 1.602172852e-07
eP 40 8 1310720 1.602172852e-07
eP 10 16 655360 5.798339844e-07
eP 20 16 655360 2.593994141e-07
eP 40 16 655360 2.593994141e-07
eP 10 32 327680 9.155273437e-07
eP 20 32 327680 5.798339844e-07
eP 40 32 327680 4.577636719e-07
eP 10 64 163840 1.586914062e-06
eP 20 64 163840 1.220703125e-06
eP 40 64 163840 9.765625e-07
eP 10 128 81920 2.685546875e-06
eP 20 128 81920 2.319335937e-06
eP 40 128 81920 2.075195313e-06
eP 10 256 40960 4.8828125e-06
eP 20 256 40960 4.638671875e-06
eP 40 256 40960 4.150390625e-06
eP 10 512 20480 9.765625e-06
eP 20 512 20480 8.30078125e-06
eP 40 512 20480 8.7890625e-06
eP 10 1024 10240 2.05078125e-05
eP 20 1024 10240 1.7578125e-05
eP 40 1024 10240 1.66015625e-05
eP 10 2048 5120 3.90625e-05
eP 20 2048 5120 4.1015625e-05
eP 40 2048 5120 3.7109375e-05
eP 10 4096 2560 7.03125e-05
eP 20 4096 2560 7.421875e-05
eP 40 4096 2560 7.03125e-05
eP 10 8192 1280 0.0001484375
eP 20 8192 1280 0.0001328125
eP 40 8192 1280 0.000140625
eP 10 16384 640 0.00028125
eP 20 16384 640 0.00028125
eP 40 16384 640 0.000296875
eP 10 32768 320 0.00059375
eP 20 32768 320 0.0005625
eP 40 32768 320 0.00065625
eP 10 65536 160 0.0013125
eP 20 65536 160 0.00125
eP 40 65536 160 0.001125
eP 10 131072 80 0.002375
eP 20 131072 80 0.0025
eP 40 131072 80 0.002375
eP 10 262144 40 0.0055
eP 20 262144 40 0.00525
eP 40 262144 40 0.0055
eP 10 524288 20 0.011
eP 20 524288 20 0.0115
eP 40 524288 20 0.0115
eP 10 1048576 10 0.024
eP 20 1048576 10 0.023
eP 40 1048576 10 0.025

lP 10 2 2621440 1.335144043e-07
lP 20 2 2621440 9.918212891e-08
lP 40 2 2621440 9.536743164e-08
lP 10 4 655360 1.068115234e-07
lP 20 4 655360 1.220703125e-07
lP 40 4 655360 1.373291016e-07
lP 10 8 163840 1.831054688e-07
lP 20 8 163840 1.831054688e-07
lP 40 8 163840 2.44140625e-07
lP 10 16 40960 1.220703125e-06
lP 20 16 40960 2.44140625e-07
lP 40 16 40960 4.8828125e-07
lP 10 32 10240 4.8828125e-06
lP 20 32 10240 2.9296875e-06
lP 40 32 10240 9.765625e-07
lP 10 64 2560 1.5625e-05
lP 20 64 2560 1.171875e-05
lP 40 64 2560 1.171875e-05
lP 10 128 640 4.6875e-05
lP 20 128 640 4.6875e-05
lP 40 128 640 4.6875e-05
lP 10 256 160 0.000125
lP 20 256 160 0.0001875
lP 40 256 160 0.0001875
lP 10 512 40 0.0005
lP 20 512 40 0.00075
lP 40 512 40 0.00075
lP 10 1024 10 0.002
lP 20 1024 10 0.003
lP 40 1024 10 0.002
lP 10 2048 10 0.01
lP 20 2048 10 0.01
lP 40 2048 10 0.011
lP 10 4096 10 0.041
lP 20 4096 10 0.041
lP 40 4096 10 0.041
lP 10 8192 10 0.164
lP 20 8192 10 0.165
lP 40 8192 10 0.164
lP 10 16384 10 0.651
lP 20 16384 10 0.65
lP 40 16384 10 0.641
lP 10 32768 10 2.571
lP 20 32768 10 2.439
lP 40 32768 10 2.443
lP 10 65536 10 9.832
lP 20 65536 10 9.687
lP 40 65536 10 9.619
lp 10 1311072 10 39.916
lp 20 1311072 10 40.209
lp 40 1311072 10 39.271

